#Position (bp)	insert size
489278.5	82222.43009184225
1467834.5	43707.793822939995
2446390.5	2828.1849993483643
3424946.5	11076.414105594957
4403502.5	4795.078508568782
5382058.5	8586.89539198085
6360614.5	1622.2086999560054
7339170.5	3258.255371609722
8317726.5	7323.201441102757
9296282.5	8737.103515279985
1.02748385E7	2717.912368112544
1.12533945E7	1326.9798226013947
1.22319505E7	1669.947818482169
1.32105065E7	2463.4293993677557
1.41890625E7	2876.750015538567
1.51676185E7	2329.5466871493454
1.61461745E7	3852.1972719869705
1.71247305E7	1178.8786534327403
1.81032865E7	1946.367062348738
1.90818425E7	3075.6112420670897
2.00603985E7	1578.5471717171718
2.10389545E7	1004.743110355712
2.20175105E7	2742.564823733385
2.29960665E7	2017.087051575077
2.39746225E7	1145.7510949769166
2.49531785E7	1573.7507374631268
2.59317345E7	1600.0600078441626
2.69102905E7	5734.446877098724
2.78888465E7	2826.9305467260015
2.88674025E7	2163.96840186348
2.98459585E7	2116.290039194486
3.08245145E7	2211.8994062172546
3.18030705E7	2915.316589890831
3.27816265E7	1527.7076876559074
3.37601825E7	2144.978755065856
3.47387385E7	7950.909212730318
3.57172945E7	8908.407055189791
3.66958505E7	3299.607733844278
3.76744065E7	3231.645157295021
3.86529625E7	2430.6525603046975
3.96315185E7	3063.900391474554
4.06100745E7	3473.759896689364
4.15886305E7	2308.510350115001
4.25671865E7	3462.7180566030247
4.35457425E7	2812.6360649967737
4.45242985E7	4135.589303353873
4.55028545E7	1627.6830464854431
4.64814105E7	2577.630989272944
4.74599665E7	1534.4837577702026
4.84385225E7	2307.998531840705
4.94170785E7	1116.0943988411395
5.03956345E7	1338.5079164754475
5.13741905E7	1212.3183795694672
5.23527465E7	2690.199882364474
5.33313025E7	2176.4214961306966
5.43098585E7	1797.2251047839284
5.52884145E7	2537.416919191919
5.62669705E7	2459.395723799509
5.72455265E7	3055.6380773697847
5.82240825E7	2437.4488566131026
5.92026385E7	3589.6675831369466
6.01811945E7	1829.7183357395984
6.11597505E7	2056.1729829414476
6.21383065E7	8720.82552659421
6.31168625E7	4864.2304836345875
6.40954185E7	4676.934284355682
6.50739745E7	20805.88536824384
6.60525305E7	3534.815018688413
6.70310865E7	5260.822026128811
6.80096425E7	3397.3478260869565
6.89881985E7	1324.8661282807889
6.99667545E7	2872.7409034336333
7.09453105E7	619.2445445026178
7.19238665E7	3089.6985482493596
7.29024225E7	2160.9925326695707
7.38809785E7	1604.9265218939124
7.48595345E7	3628.756118957803
7.58380905E7	4164.560087066102
7.68166465E7	4508.026697102025
7.77952025E7	4494.026135202219
7.87737585E7	3857.9855796418474
7.97523145E7	2988.687544653489
8.07308705E7	4490.759094283593
8.17094265E7	7701.734120793403
8.26879825E7	3140.6279470341265
8.36665385E7	3194.041107041107
8.46450945E7	5304.214386613061
8.56236505E7	2056.8608408617097
8.66022065E7	5001.295602018746
8.75377665E7	3273.8955175224123
8.80270445E7	4067.6451204055766
8.85593185E7	5240.890212932213
8.95378745E7	21719.547388260635
9.05164305E7	2032.8283316880552
9.14949865E7	3243.0277644037874
9.24735425E7	1366.016319057475
9.34520985E7	3287.0565476190477
9.44306545E7	1359.4230285893811
9.54092105E7	7573.569139966273
9.63877665E7	4753.897346200241
9.73663225E7	2413.6009110021023
9.83448785E7	3899.901690554943
9.93234345E7	3484.4087862993297
1.003019905E8	4857.834619625138
1.012805465E8	1850.4193290734825
1.022591025E8	1495.516515561211
1.032376585E8	3649.614556101642
1.042162145E8	3851.54765068245
1.051947705E8	4935.635324804372
1.061733265E8	1151.701104353393
1.071518825E8	2070.6071314188107
1.081304385E8	1482.015610167704
1.091089945E8	1858.7816467513069
1.100875505E8	851.4204794432272
1.110661065E8	2199.9583555792847
1.120446625E8	1622.217731865138
1.130232185E8	3906.795754151686
1.140017745E8	1359.1757232754185
1.149803305E8	1530.2142555735284
1.159588865E8	3320.3211092186502
1.169374425E8	1131.6515301574725
1.179159985E8	12841.072412595508
1.188945545E8	2987.980220208516
1.198731105E8	8625.02785048686
1.208516665E8	2160.6631504209354
1.218302225E8	2467.683789117564
1.228087785E8	2660.271676300578
1.237873345E8	3579.4488906497622
1.247658905E8	10116.763075657895
1.257444465E8	2536.1542620499254
1.267230025E8	4231.325261158595
1.277015585E8	1913.664088811276
1.286801145E8	1107.131396599957
1.296586705E8	984.3212083847102
1.306372265E8	1514.2708026300872
1.316157825E8	1515.5697084530286
1.325943385E8	2204.0674928081435
1.335728945E8	1769.081578387577
1.345514505E8	1447.262985343276
1.355300065E8	4759.181133968891
1.365085625E8	2182.437579780444
1.374871185E8	3034.6233611442194
1.384656745E8	2503.628942486085
1.394442305E8	2140.8752653927813
1.404227865E8	1680.043926083005
1.414013425E8	1941.8834821000096
1.423798985E8	3472.882240657808
1.433584545E8	2895.508299798793
1.443370105E8	2060.2188764973153
1.453155665E8	1597.0841073271413
1.462941225E8	2448.7911681156925
1.472726785E8	2507.6002378121284
1.482512345E8	2495.031052261542
1.492297905E8	2811.823152744802
1.502083465E8	1564.341227125942
1.511869025E8	3255.486115444618
1.521654585E8	2338.3093084925545
1.531440145E8	3019.945796119495
1.541225705E8	2812.524866595518
1.551011265E8	7159.250380646253
1.560796825E8	3379.094184779124
1.570582385E8	3116.249917391783
1.580367945E8	3149.809011627907
1.590153505E8	2215.0497646267654
1.599939065E8	2183.0980266529987
1.609724625E8	4984.682001951764
1.619510185E8	5882.21967113738
1.629295745E8	2464.4501463750644
1.639081305E8	2239.728586171311
1.648866865E8	1958.468312004875
1.658652425E8	1843.0519640249058
1.668437985E8	7021.572904973873
1.678223545E8	2669.489016980838
1.688009105E8	6640.5887081339715
1.697794665E8	8212.864191639626
1.707580225E8	51215.670495049504
1.717365785E8	58119.67464834103
1.727151345E8	8803.49136613692
1.736936905E8	3379.5172862604736
1.744297225E8	12180.452040460412
1.749190005E8	133222.63038344766
1.756508025E8	44781.45200794014
1.766293585E8	58080.25411623186
1.776079145E8	13900.45467805793
1.785864705E8	9044.654033351952
1.795650265E8	2804.2598308567062
1.805435825E8	15937.195686742198
1.815221385E8	2869.210942324318
1.825006945E8	5665.240867240867
1.834792505E8	3523.6429581294183
1.844578065E8	1362.7531778490106
1.854363625E8	48209.440749586625
1.864149185E8	2324.3233583716988
1.873934745E8	2583.707384230288
1.883720305E8	9684.720122054585
1.893505865E8	4433.980455407969
1.903291425E8	2028.1160059960027
1.913076985E8	2378.0874422601782
1.922862545E8	1281.461221719457
1.932648105E8	2305.5090335531977
1.942433665E8	1767.4523426503117
1.952219225E8	1750.8644329896906
1.962004785E8	2755.2297202181944
1.971790345E8	1398.0944618133094
1.981575905E8	1331.2445035985409
1.991361465E8	2592.622041192745
2.001147025E8	4398.718466795424
2.010932585E8	3072.384658634538
2.020718145E8	9149.997378876504
2.030503705E8	2369.6733188720173
2.040289265E8	1130.3726510406143
2.050074825E8	12209.141033434651
2.059860385E8	6598.085484183971
2.069645945E8	1882.2650519031142
2.079431505E8	1105.2272143774069
2.089217065E8	2390.4633793410508
2.099002625E8	17012.37866153517
2.108788185E8	4022.1042242400317
2.118573745E8	2306.2780957699288
2.128359305E8	4310.247908153337
2.138144865E8	2592.6281291570926
2.147930425E8	2608.8665827098303
2.157715985E8	1542.9679758308157
2.167501545E8	2805.313310580205
2.177287105E8	3291.613531928379
2.187072665E8	1932.8899332929047
2.196858225E8	1622.2963075984133
2.206643785E8	17549.996473077827
2.216429345E8	3285.2957204205536
2.226214905E8	2576.42369679438
2.236000465E8	1827.8263215657582
2.242797555E8	5946.617653437433
2.247690335E8	27099.11798753339
2.255571585E8	2226.7506401255473
2.265357145E8	1317.726461999842
2.275142705E8	122589.82510460251
2.284928265E8	3673.773308270677
2.294713825E8	1486.2069794721408
2.304499385E8	4770.208376963351
2.314284945E8	3863.148685714286
2.324070505E8	1623.7521072267514
2.333856065E8	2830.669686278249
2.343641625E8	5230.3249158249155
2.353427185E8	1700.33405196241
2.363212745E8	3129.4304342624714
2.372998305E8	1088.1852080123267
2.382783865E8	2094.175472098451
2.392569425E8	2338.0766113714067
2.402354985E8	1806.6035052070104
2.412140545E8	2494.7138482813116
2.421926105E8	2098.2247709489734
2.431711665E8	29582.74741200828
2.441497225E8	2317.689846821201
2.451282785E8	1971.6968162897963
2.461068345E8	1334.006
2.470853905E8	1276.0325196723943
2.480639465E8	2401.945413191812
2.490425025E8	2415.543239464749
2.500210585E8	3225.551397882818
2.509996145E8	1509.0935149033426
2.519781705E8	2507.526847110461
2.529567265E8	2923.059386318595
2.539352825E8	2518.9379815466564
2.549138385E8	5844.9125160272215
2.558923945E8	2048.358415147265
2.568709505E8	3007.3286581839216
2.578495065E8	2387.5030555969593
2.588280625E8	2640.662295525213
2.598066185E8	1430.1095252157365
2.607851745E8	1229.1832717977848
2.617637305E8	2735.983564372873
2.627422865E8	1716.8707455833915
2.637208425E8	1952.2205588822355
2.646993985E8	2999.5094043887148
2.656779545E8	2027.5553289138195
2.666565105E8	4028.2504091653027
2.676350665E8	11114.802124557384
2.686136225E8	2609.6795280920605
2.695921785E8	1458.0066874350987
2.70511608E8	2957.804888610884
2.71000886E8	22928.636363636364
2.715492905E8	21771.702503724075
2.725278465E8	88582.05098174303
2.735064025E8	8046.933513027852
2.744849585E8	1757.3525815778603
2.754635145E8	6031.396945224719
2.764420705E8	11184.256717805672
2.774206265E8	1408.0220741692085
2.783991825E8	2737.2211683227943
2.793777385E8	1450.007526398562
2.803562945E8	1560.315070093458
2.813348505E8	1795.2481105592744
2.823134065E8	3156.2066618911176
2.832919625E8	1609.948689258312
2.842705185E8	2597.0433878569447
2.852490745E8	4262.017778453122
2.862276305E8	2593.283993542779
2.872061865E8	2903.928376090637
2.881847425E8	7160.557286892759
2.891632985E8	3487.132926348956
2.901418545E8	2087.2984171791513
2.911204105E8	1376.336135857461
2.920989665E8	2695.43583227446
2.930775225E8	2566.674605123169
2.940560785E8	1264.1226389269093
2.950346345E8	3261.0399845221204
2.960131905E8	5236.084568733154
2.969917465E8	1904.2982717891334
2.979703025E8	2180.642137235952
2.989488585E8	3037.6711111111113
2.999274145E8	1612.5129390018485
3.009059705E8	1327.2764837268667
3.018845265E8	2497.1915963368647
3.028630825E8	3445.065331010453
3.038416385E8	2158.556794425087
3.048201945E8	1880.3710988105051
3.057987505E8	2269.602077878199
3.067773065E8	5595.086226926553
3.077558625E8	2854.8767605633802
3.087344185E8	12420.146229508196
3.097129745E8	18312.661450410505
3.106915305E8	48942.04344208103
3.116700865E8	8138.974842767296
3.126486425E8	2260.298501417578
3.136271985E8	3264.557683036022
3.146057545E8	7355.911446918727
3.155843105E8	6364.915319887806
3.16365796E8	3060.9375255206205
3.16855074E8	34628.80888618381
3.175414225E8	14307.22845659164
3.185199785E8	4857.508710431272
3.194985345E8	2863.403950617284
3.204770905E8	1940.6009122006842
3.214556465E8	6082.922226186229
3.224342025E8	1806.1204584040747
3.234127585E8	4156.05163893922
3.243913145E8	3078.6526835995865
3.253698705E8	4909.988813298796
3.263484265E8	3657.5359143059104
3.273269825E8	2774.719913970085
3.283055385E8	3096.0182517596986
3.292840945E8	3683.5874446552816
3.302626505E8	2264.00789718179
3.312412065E8	2569.7245720040282
3.322197625E8	1172.5079184293306
3.331983185E8	2383.934295227525
3.341768745E8	2760.3134250843937
3.351554305E8	1932.2889151940476
3.361339865E8	2598.670251803113
3.371125425E8	4260.042211430706
3.380910985E8	6541.033654343999
3.390696545E8	1154.443056576047
3.400482105E8	8932.889285049916
3.40945784E8	2085.1401678657076
3.41435062E8	1945.3158896289249
3.420053225E8	85144.56878382227
3.429838785E8	83530.84414879174
3.439624345E8	62852.91924721985
3.449409905E8	23754.84
3.459195465E8	3535.6253571152806
3.468981025E8	2306.2913953488373
3.478766585E8	2248.624782028926
3.488552145E8	15370.125846325858
3.498337705E8	2451.9926819179736
3.508123265E8	4939.48401826484
3.517908825E8	1770.992855867119
3.527694385E8	2734.99760087241
3.537479945E8	5208.825547105385
3.547265505E8	3438.206179370041
3.557051065E8	1961.1744498971032
3.566836625E8	2600.4358277591973
3.576622185E8	49048.425745156484
3.586407745E8	10045.679623567921
3.596193305E8	2251.2049131572685
3.605978865E8	16887.808812765335
3.615764425E8	4325.1511869693295
3.625549985E8	8589.377200704226
3.635335545E8	2349.8021695925804
3.645121105E8	2845.605114172485
3.65242163E8	2592.2428977272725
3.65731441E8	34607.33470673776
3.664692225E8	2797.86040357261
3.674477785E8	3000.8246624662465
3.684263345E8	4257.327076012576
3.694048905E8	1950.211380753138
3.703834465E8	3104.458249105893
3.713620025E8	17640.951604938273
3.723405585E8	6673.113280578014
3.733191145E8	1765.9300397305235
3.742976705E8	5346.672765389747
3.752762265E8	3062.637211585665
3.762547825E8	3158.9663851631067
3.772333385E8	4001.1114310394473
3.782118945E8	4556.879208389182
3.791904505E8	5783.170985915493
3.801690065E8	3982.2766445311336
3.811475625E8	8310.011976757974
3.821261185E8	8404.154016337645
3.831046745E8	2534.7799337052306
3.840832305E8	3677.7434722108537
3.849989605E8	40234.07391048292
3.854882385E8	854.5
3.860403425E8	5373.739565943239
3.870188985E8	5666.867881548975
3.879974545E8	3161.6798572818684
3.889760105E8	1067.8090909090909
3.899545665E8	2971.8715365239295
3.909196135E8	3711.5397727272725
3.91408841E8	269.7624087528407
