# Position (bp)	A	C	G	T	N
0.0	31.799366643306698	21.1675507897845	21.681729986140986	25.295228853148572	0.056123727619248776
1.0	27.09786360930758	21.504820796248623	20.989400273652688	30.407915320791112	0.0
2.0	29.04179642467391	19.200757402554274	20.083810731119776	31.673509011223437	1.2643042860126014E-4
3.0	29.87544307186953	18.798277940315238	20.09029635240123	31.235645818694085	3.368167199187935E-4
4.0	29.84098201993971	19.24866885639212	20.134359383326878	30.775926647982914	6.309235837973776E-5
5.0	29.7735626827855	19.305500467815307	20.423455592218453	30.49748125718074	0.0
6.0	29.972799758285397	19.64439271778067	20.23074799982321	30.151870553347337	1.8897076338834237E-4
7.0	30.30498137575978	19.437109826783654	19.708982607863643	30.54009247493407	0.008833714658846557
8.0	30.221011725043056	19.27258476212004	19.980109133464026	30.525864521936676	4.2985743620863227E-4
9.0	30.280709655603626	19.121157229324893	20.192906482752203	30.40511136792949	1.1526438978979654E-4
10.0	30.521996054582072	19.016377941020377	19.840540489483566	30.620469728295113	6.157866188732754E-4
11.0	30.416218546667995	19.0822432917544	19.93730577484401	30.488963866626978	0.07526852010662086
12.0	30.18542289675668	19.28862954444547	20.028291805418885	30.27217971078145	0.22547604259751233
13.0	30.02217151314539	19.50622574340055	20.066510374989665	30.404613457117343	4.789113470547681E-4
14.0	30.14882130413845	19.653081873776593	20.142777883912224	30.055308532834875	1.0405337855076953E-5
15.0	30.20045182641339	19.38476736659032	20.09313135462134	30.195190050460013	0.12645940191493288
16.0	30.12386766453716	19.674893502911033	19.849020205993977	30.351428700608192	7.899259496391026E-4
17.0	29.923758782383825	19.774932103669776	20.155525437106967	30.14572136280787	6.231403156205698E-5
18.0	30.22830511719225	19.559352312596832	20.04286923875178	30.16945256852081	2.0762938321200167E-5
19.0	30.168505895848757	19.713832418959452	19.73474336406983	30.311520156179334	0.0713981649426293
20.0	30.47775232884057	19.354020490601748	19.862509344513622	30.30489827836868	8.195576753858612E-4
21.0	30.337382554539623	19.094820058350933	20.305707696921953	30.262089690187494	0.0
22.0	30.68637333501699	19.401152994157275	19.518469895659905	30.39395193842957	5.1836736259558566E-5
23.0	30.540127799136364	19.536685378964187	19.70587854262761	30.217308279271844	0.0
24.0	30.292810306097213	19.312141491049108	20.093627931597297	30.301295939629536	1.243316268472183E-4
25.0	30.417954980794793	19.691316292352525	19.727993820028207	30.161978775923508	7.561309009672571E-4
26.0	30.484759665252227	19.5912398298448	19.85925467167276	29.986245639439012	0.07850019379120524
27.0	30.291203802288376	19.473435814385436	20.148310530569415	30.086252740332757	7.971124240116349E-4
28.0	30.280351623776593	19.67443638180264	19.911161561701046	30.058716082853916	0.0753343498658026
29.0	30.304665409600496	19.49568290478303	19.956218587141507	30.135526411633435	0.1079066868415302
30.0	30.57376640502212	19.434229611244653	19.975445092607934	30.015917554762368	6.413363629235588E-4
31.0	30.73301884860698	19.56268187202456	19.590273573582458	30.114005022351552	2.0683434451197126E-5
32.0	30.86105630430901	19.582307547478234	19.656326455747415	29.897052819144378	0.003256873320965486
33.0	30.809138731795255	19.434183826942142	19.75756642295475	29.996960923052434	0.002150095255422013
34.0	30.611130453941964	19.585747871522127	19.56205075069647	30.241070923839438	0.0
35.0	30.523241276901224	19.594679206278293	19.72255985293674	30.159519663883742	0.0
36.0	30.29240266268922	19.686529404357525	20.1591246152481	29.861612759306276	3.305583988742834E-4
37.0	30.49364465070779	19.788522695256376	19.685977415871353	30.031855238164486	0.0
38.0	30.448012007896498	19.737298351330516	19.894429062149495	29.92026057862349	0.0
39.0	30.20441638841323	19.64437590117049	20.262669453089785	29.88847631234066	6.194498583214933E-5
40.0	30.419151935350946	19.571671529163833	19.909293714372538	30.099872498800543	1.0322312131854738E-5
41.0	30.475758286631528	19.554207724367608	19.887822777078785	30.081158505491256	0.0010527064308287761
42.0	30.286350283248424	19.78366855801637	20.05599443522795	29.87398672350725	0.0
43.0	30.352385110741707	19.81118526723442	19.616188411945608	30.220230892784333	1.0317293930624865E-5
44.0	30.47893984071615	19.848958352137892	19.660213028347904	30.011888778798053	0.0
45.0	30.40833263366617	19.60056878298965	19.605612575277824	30.385486008066355	0.0
46.0	30.25029937266588	19.66086602368022	19.73446255606244	30.353443840204353	9.282073871075499E-4
47.0	30.36527347066568	19.594347299737635	19.822092136007104	30.218287093589574	0.0
48.0	30.247885699601568	19.67805423523135	20.407167430400346	29.666614213469117	2.784212976206116E-4
49.0	30.18875570585564	19.78421791367479	20.016463303722897	30.00997532257393	5.877541727452822E-4
50.0	30.451647947590022	19.783248744677678	19.875099837023082	29.81592867867852	0.07407479203069073
51.0	30.276808135611393	19.72500140484266	19.940867723623885	30.05731242515024	1.031077181797982E-5
52.0	30.442084003363796	19.921505905410328	19.550450973979242	30.085938495637087	2.0621609549619924E-5
53.0	30.429551035928963	19.655584629511896	19.86885168824736	30.04601264631178	0.0
54.0	30.47074867022538	19.589362875356905	19.854482630341007	30.085374891892013	3.093218469071321E-5
55.0	30.35900911973446	19.668912643238233	19.63953705139584	30.331644142286336	8.970433451344369E-4
56.0	30.30286813744293	19.7671855215564	19.719022342106022	30.21092399889465	0.0
57.0	30.051191099172765	19.8186734859597	20.04694794531848	30.083074043808118	1.1342574094076341E-4
58.0	30.120459690089778	19.73873436433264	19.91409862901998	30.225892723924552	8.145926330510753E-4
59.0	30.366024710179136	19.689412018014462	19.91010711786554	29.914178252592254	0.12027790134860979
60.0	30.33140150881552	19.637299757715834	20.202966356800612	29.78872168959948	0.039610687068559594
61.0	30.423733777993768	19.590684407979793	19.839351705553828	30.146219795034863	1.0313437749327358E-5
62.0	30.271688904291572	19.857074782780902	19.926912889571007	29.94328167933262	0.001041744023896164
63.0	30.388006998276424	19.625294513206455	19.95666151970207	30.029954446836093	8.252197895545123E-5
64.0	30.39030983632534	19.921975584151486	19.559573465426286	30.12802763454136	1.1347955552327693E-4
65.0	30.532176961318807	19.628602605489473	19.460796735338036	30.377350664744014	0.0010730331096747141
66.0	30.112168936531162	19.836957755548077	20.00632562631956	30.04413491642537	4.127651758276458E-4
67.0	30.08736321373768	19.74531653993455	19.916218091806094	30.250967984573347	1.341699483259925E-4
68.0	30.202261600643787	19.840142895306315	19.849815001612363	30.106541812195566	0.001238690241969881
69.0	29.994471399169626	19.84280396593226	20.177978617581363	29.984188511350666	5.57505966088151E-4
70.0	30.12572236249659	19.88744341812165	19.685661050230703	30.30101827761437	1.5489153668513111E-4
71.0	30.21750862024892	19.893081543397667	19.8245430119049	30.02599114142579	0.03887568302271863
72.0	30.440072693253644	19.7051629895803	19.86666911842488	29.986948519688994	0.0011466790521778225
73.0	30.401083385264833	19.56063833843452	19.98279983297879	30.05524078632228	2.376569995721141E-4
74.0	30.400172813054414	19.662415072771143	19.888684414112586	30.0467949224796	0.001932777582260616
75.0	30.393274951292298	19.532313017478945	20.082553674103735	29.9918480185309	1.0338594126954834E-5
76.0	30.374581498462504	19.556646394924805	19.864042198978286	30.20472990763441	0.0
77.0	30.132422208017502	19.77447869106978	19.85035867386825	30.131853237458	0.11088718958647323
78.0	30.3762600176878	19.674158282416577	19.861260676892588	30.088248582916684	7.244008635686181E-5
79.0	30.093383638995963	20.077114874661152	19.799546876350664	30.028940076804307	0.0010145331879169097
80.0	30.195285845201504	19.7610684089202	19.969774712558923	30.073788184590693	8.284872868108035E-5
81.0	30.412692505886003	19.919892770437528	19.88891653842783	29.777700469574814	7.977156738283576E-4
82.0	30.149311120887962	19.89564337790436	19.880604996867433	30.074119215703345	3.212886369018655E-4
83.0	30.21647238195729	19.7143039045451	19.714055047576267	30.355137558800237	3.1107121104377454E-5
84.0	30.14565168024	19.57338070020573	19.935375424548106	30.34487638036813	7.158146380358793E-4
85.0	30.341884200984676	19.741095990368507	19.79554768638937	30.12048605456359	9.860676938585732E-4
86.0	30.497389675223047	19.69662698474515	19.82515445416847	29.980112305757462	7.165801058669218E-4
87.0	30.291232657560347	19.76419332132541	19.929858184725415	30.012824661256243	0.0018911751325848853
88.0	30.329231135530566	19.84795199425245	19.579528624149578	30.243277848911653	1.0397155754071916E-5
89.0	30.064833312075258	19.836405073057378	19.974814903900672	30.122843926686073	0.0011027842806215625
90.0	30.281809344536608	19.89859877130934	19.778611238519932	30.03813867127601	0.0028419743581041762
91.0	30.255598911931926	19.864065450755213	19.742927093959675	30.137398126433695	1.0416919493983552E-5
92.0	30.253143287548035	19.79207427270921	19.960394503929592	29.99402310994663	3.648258665291864E-4
93.0	30.169533036010165	19.897531046670114	20.194503050401376	29.73766099630347	7.71870614875261E-4
94.0	30.289519088936117	19.798691450587118	19.792230019433354	30.041333326235154	0.07822611480825364
95.0	30.40059823650609	19.96586132204167	19.527724956629317	30.103935026400592	0.001880458422332993
96.0	30.57248209474143	19.509473128859835	19.900873753407048	30.01697236900835	1.986539833417134E-4
97.0	30.253823306750295	19.9355017267728	19.692649613967788	30.04458061211624	0.0734447403928807
98.0	30.150457750977605	19.856276037139512	19.94249575341978	30.050655261465764	1.1519699733790211E-4
99.0	29.99923697693616	19.811285949601068	19.95892252758517	30.04993399012011	0.18062055575749114
100.0	30.11822705262978	20.064012947353437	19.62668939810605	30.190178939801164	8.916621095739439E-4
101.0	30.120775665616417	20.033643059756592	19.73031793856934	30.1150428428753	2.204931823508017E-4
102.0	30.532569053826304	19.83177317280563	19.769820754154832	29.864166037946827	0.0016709812664083266
103.0	30.241365171457442	19.905815640675172	19.933659237710266	29.91902320411955	1.367460375731828E-4
104.0	30.377840452343445	19.895314032108065	19.735707624730477	29.991064189066474	7.370175154318306E-5
105.0	30.0418541983201	20.018125717735423	19.797493216820598	30.139459891975022	0.0030669751488589586
106.0	30.254437342305344	19.78916194934464	19.720468667328173	30.234950859140792	9.8118188105227E-4
107.0	30.26856847442609	19.735830305321784	19.615991280594095	30.379493765402987	1.1617425504579113E-4
108.0	30.04480701857511	19.877413443966276	20.047530412465196	30.02774351803709	0.0025056069563261078
109.0	30.172078225149086	19.72280707473156	19.77872995788004	30.32563331818491	7.51424054417495E-4
110.0	30.09668272394908	19.839261898980244	19.801407141740164	30.262182069834132	4.661654963793773E-4
111.0	29.893317806667557	20.03956966530702	19.812895192884884	30.251746219617477	0.002471115523059856
112.0	29.89077558181723	19.96287089683752	19.81485565487772	30.331423540305856	7.432616167278034E-5
113.0	30.065148889347874	19.88289634101293	19.816436756402343	30.195251073616745	0.040266939620106725
114.0	30.04592208442333	19.71630512815765	19.979820759991767	30.251503013902838	0.006449013524411432
115.0	30.297871533445825	19.671114830995396	19.74803631802198	30.28242331236708	5.540051697205491E-4
116.0	30.02783105197921	19.90279130742801	19.807948355602193	30.261215963011672	2.1332197891546894E-4
117.0	30.11926862587131	19.89834123445441	19.631000274239668	30.31477118074274	0.03661868469187337
118.0	30.30427472437946	19.947541273853453	19.54560646140628	30.1979909032767	0.004586637084104811
119.0	30.363874657962747	19.766154353325486	19.714211249915042	30.15557778273697	1.8195605975222936E-4
120.0	30.248823285157457	19.686459407691174	19.963255957244463	30.096146376093337	0.0053149738135740785
121.0	30.324305036114474	19.607815369219075	19.7842465268435	30.28038231435623	0.0032507534667193657
122.0	30.09396125977689	19.808726324404795	19.97848600784944	30.115077839191766	0.0037485687771073076
123.0	30.325896854644625	19.59370064242417	19.72571518542585	30.32452024678277	0.03016707072258362
124.0	30.06860112386417	19.948922902469906	19.716339113497526	30.236614207321615	0.02952265284677646
125.0	30.347927401854918	19.855515896184713	19.798338246240046	29.92997625110888	0.06824220461143893
126.0	30.33289625922591	19.896249074790212	19.593713303431446	30.1445713862391	0.03256997631333354
127.0	30.190466222056617	20.107546786669136	19.276308803802316	30.39468855418547	0.030989633286456018
128.0	30.359912138436425	20.085496876154803	19.346954322662683	30.178543644886314	0.029093017859778147
129.0	30.432700662570284	19.962275437871284	19.696074327729722	29.907464352847267	0.0014852189814454954
130.0	30.342150693758175	19.81008923593683	19.51726753586892	30.32887515479083	0.0016173796452445999
131.0	30.062244380223536	20.26885754943269	19.65409837277238	30.013462768369514	0.0013369292018815266
132.0	30.125032292578762	20.20212840890151	19.683618188443212	29.98339674273073	0.0058243673457879
133.0	30.242958749214466	19.812230405015562	19.72421340736661	30.219845156372177	7.522820311876505E-4
134.0	30.560879113199036	19.81279641295956	19.53623349833632	30.089927173731436	1.6380177364560503E-4
135.0	30.272149304839285	19.865799427981415	20.018735332242994	29.794792299909773	0.04852363502653533
136.0	29.90169513593594	20.100163324590138	19.744845466258056	30.24853445541828	0.004761617797585717
137.0	29.80790714767359	20.22179506760922	19.323358635796815	30.64049181177066	0.0064473371497122825
138.0	28.91759488730964	20.75006245885466	19.026642576696737	31.305608896329247	9.118080972206267E-5
139.0	31.602001289705317	21.308833346378574	15.086891944969736	32.00130389349597	9.695254503977774E-4
140.0	36.569548779552406	25.312469692171735	0.0	38.117981528275855	0.0
