#Position (bp)	mapping quality
489278.5	15.869338458938646
1467834.5	25.250221223086566
2446390.5	52.61136352440847
3424946.5	11.27705420248461
4403502.5	26.227522909871364
5382058.5	21.064699096707834
6360614.5	47.17856330574608
7339170.5	34.00701070094154
8317726.5	27.912489366476873
9296282.5	16.558806802696996
1.02748385E7	25.339696840323196
1.12533945E7	83.52392216016327
1.22319505E7	68.88077720809228
1.32105065E7	37.69319929615388
1.41890625E7	41.9306871442446
1.51676185E7	47.069481833299015
1.61461745E7	32.37675785972246
1.71247305E7	57.869131512374175
1.81032865E7	40.579746653112906
1.90818425E7	44.78141645954938
2.00603985E7	48.50590095602388
2.10389545E7	85.43232574771866
2.20175105E7	27.142915516134956
2.29960665E7	38.87045603006362
2.39746225E7	61.793308294571524
2.49531785E7	48.19990662501106
2.59317345E7	72.69779432650735
2.69102905E7	36.06361260987209
2.78888465E7	29.177375536921584
2.88674025E7	39.10474179748333
2.98459585E7	48.94574111701934
3.08245145E7	42.989094237597705
3.18030705E7	23.402720407229268
3.27816265E7	66.59959143544994
3.37601825E7	54.394857966259785
3.47387385E7	20.620255022000094
3.57172945E7	29.879929664926777
3.66958505E7	41.664840972614876
3.76744065E7	35.660843591941045
3.86529625E7	36.735103488990234
3.96315185E7	52.95769182112259
4.06100745E7	44.33046553510109
4.15886305E7	41.01128405912529
4.25671865E7	65.45563282085774
4.35457425E7	47.343880223127854
4.45242985E7	70.93090675136712
4.55028545E7	55.33183203691538
4.64814105E7	33.20071020247585
4.74599665E7	75.651671508151
4.84385225E7	49.736573820397496
4.94170785E7	73.06366261710754
5.03956345E7	52.93538864167403
5.13741905E7	80.84916888496907
5.23527465E7	35.49140921166616
5.33313025E7	48.40319410505403
5.43098585E7	42.71897475404064
5.52884145E7	37.11645695537718
5.62669705E7	35.553001050434375
5.72455265E7	50.3130239514236
5.82240825E7	40.442100249956255
5.92026385E7	32.02285634184021
6.01811945E7	71.0037466384572
6.11597505E7	40.99620150549447
6.21383065E7	24.909935022359097
6.31168625E7	31.877809337622782
6.40954185E7	30.345846830448313
6.50739745E7	11.124217557352749
6.60525305E7	71.43530365460738
6.70310865E7	32.11337614835504
6.80096425E7	21.176972315811636
6.89881985E7	64.21037987289846
6.99667545E7	37.89765464430349
7.09453105E7	134.56933571514233
7.19238665E7	26.410783749062393
7.29024225E7	42.23718118066219
7.38809785E7	43.70893777508982
7.48595345E7	36.76826341073931
7.58380905E7	34.80165667762935
7.68166465E7	51.65675012633449
7.77952025E7	36.195105535866006
7.87737585E7	37.301263557793
7.97523145E7	31.11140383550323
8.07308705E7	27.486751226667238
8.17094265E7	31.751858522151085
8.26879825E7	35.9801491959534
8.36665385E7	27.640670867369057
8.46450945E7	30.94951963444849
8.56236505E7	64.21363958114837
8.66022065E7	23.079485411012328
8.75377665E7	38.42195002731263
8.80270445E7	27.082405881544084
8.85593185E7	28.003826834137758
8.95378745E7	47.714015693705505
9.05164305E7	69.6131405914608
9.14949865E7	38.470682996012215
9.24735425E7	64.01730206549328
9.34520985E7	42.416392373455515
9.44306545E7	55.683406044025084
9.54092105E7	37.3901176665293
9.63877665E7	30.693534802513884
9.73663225E7	34.697156331829184
9.83448785E7	38.097969489191186
9.93234345E7	35.37163334637605
1.003019905E8	37.55668486439562
1.012805465E8	64.59364374440099
1.022591025E8	47.41794198006379
1.032376585E8	28.647012416943163
1.042162145E8	32.28737023876289
1.051947705E8	26.226508566914937
1.061733265E8	58.82514313103999
1.071518825E8	35.43083358414771
1.081304385E8	54.425895202333585
1.091089945E8	45.727797852905944
1.100875505E8	59.529503851216504
1.110661065E8	43.43153344968442
1.120446625E8	44.35478030846335
1.130232185E8	39.134550051946235
1.140017745E8	67.6485678430983
1.149803305E8	44.40320038001082
1.159588865E8	39.64519368966455
1.169374425E8	78.17373944179438
1.179159985E8	49.518406927831904
1.188945545E8	37.34053098316046
1.198731105E8	27.685771687722816
1.208516665E8	49.044727525902054
1.218302225E8	60.18569687617033
1.228087785E8	46.281085223516506
1.237873345E8	31.762266471700215
1.247658905E8	25.235393531380836
1.257444465E8	40.51636589215625
1.267230025E8	41.02792954123328
1.277015585E8	38.33038542536172
1.286801145E8	46.24510528962722
1.296586705E8	80.493810230931
1.306372265E8	62.68141819347843
1.316157825E8	53.76724360350537
1.325943385E8	48.76061634504804
1.335728945E8	43.261913145980266
1.345514505E8	45.3841906295135
1.355300065E8	31.708630023045902
1.365085625E8	35.14198477201427
1.374871185E8	38.78493877984703
1.384656745E8	28.56490358587188
1.394442305E8	46.604565835553856
1.404227865E8	51.335518904283234
1.414013425E8	42.537879695899825
1.423798985E8	32.70772964022191
1.433584545E8	33.35717316709785
1.443370105E8	38.841957045053604
1.453155665E8	45.32032583851604
1.462941225E8	36.07301883154591
1.472726785E8	31.750569081394442
1.482512345E8	47.958369311887
1.492297905E8	43.38958716024063
1.502083465E8	64.21910471450265
1.511869025E8	34.32148967004025
1.521654585E8	46.53842276923598
1.531440145E8	28.779299722659857
1.541225705E8	38.8241369945456
1.551011265E8	19.230093840042134
1.560796825E8	24.07914710379439
1.570582385E8	42.41059581548434
1.580367945E8	28.20338922998058
1.590153505E8	37.10106307946877
1.599939065E8	59.36055043405199
1.609724625E8	31.381116028006947
1.619510185E8	32.195607343926255
1.629295745E8	35.925658299595746
1.639081305E8	38.385429318472
1.648866865E8	102.54293730531587
1.658652425E8	54.17555807317967
1.668437985E8	6.912662005833699
1.678223545E8	43.344485961280164
1.688009105E8	39.30596318805706
1.697794665E8	42.440027060059414
1.707580225E8	24.14870748409183
1.717365785E8	8.961096585927226
1.727151345E8	21.311684256299237
1.736936905E8	31.800119132536736
1.744297225E8	39.851504698846774
1.749190005E8	10.5304039866194
1.756508025E8	4.806265535120301
1.766293585E8	10.966844600575381
1.776079145E8	34.057277779293194
1.785864705E8	36.68622187505477
1.795650265E8	72.44690836254816
1.805435825E8	14.02690710181313
1.815221385E8	38.48772602699466
1.825006945E8	21.769624551495983
1.834792505E8	25.619622437219483
1.844578065E8	57.7068208695695
1.854363625E8	28.144580117433133
1.864149185E8	38.87442419867914
1.873934745E8	28.268787029130582
1.883720305E8	23.369834018851396
1.893505865E8	29.276291967450152
1.903291425E8	44.458448270563906
1.913076985E8	41.02460979340393
1.922862545E8	47.05808358741834
1.932648105E8	36.60081567138827
1.942433665E8	56.96323915399692
1.952219225E8	43.19991567184294
1.962004785E8	36.019886183492744
1.971790345E8	73.96327836964927
1.981575905E8	52.59899500477949
1.991361465E8	48.35809437654997
2.001147025E8	40.61036949840766
2.010932585E8	35.43502515599077
2.020718145E8	11.110563295291662
2.030503705E8	47.604998074892954
2.040289265E8	89.91473968127178
2.050074825E8	54.54582081771442
2.059860385E8	40.894135455374034
2.069645945E8	59.542295154904544
2.079431505E8	87.06820730402323
2.089217065E8	44.357991537273236
2.099002625E8	5.335670158345621
2.108788185E8	32.19890753101985
2.118573745E8	41.15727689554159
2.128359305E8	42.27011828973632
2.138144865E8	40.08595998081829
2.147930425E8	41.69409529736375
2.157715985E8	86.78106891718015
2.167501545E8	35.85745416227459
2.177287105E8	28.528413614469088
2.187072665E8	50.2891522830094
2.196858225E8	65.36128293466214
2.206643785E8	13.631757511131857
2.216429345E8	19.52479184759933
2.226214905E8	46.3528910004391
2.236000465E8	53.97349265347869
2.242797555E8	31.983438250202703
2.247690335E8	23.05690000867753
2.255571585E8	27.227683552113263
2.265357145E8	67.18934697261166
2.275142705E8	5.837695750091258
2.284928265E8	29.95792382375031
2.294713825E8	47.891662885624875
2.304499385E8	25.94280087871185
2.314284945E8	59.10033035306228
2.324070505E8	71.38612364674442
2.333856065E8	40.28531472217671
2.343641625E8	35.81509874730588
2.353427185E8	74.18445933680887
2.363212745E8	34.36728259446541
2.372998305E8	71.3699142669669
2.382783865E8	42.470780793027636
2.392569425E8	34.36583962609468
2.402354985E8	42.78078301669294
2.412140545E8	50.392707566828314
2.421926105E8	52.96764122166146
2.431711665E8	11.263451826359953
2.441497225E8	41.0478868057811
2.451282785E8	40.71252558783823
2.461068345E8	53.52031634064102
2.470853905E8	65.06753177008756
2.480639465E8	44.168047655730085
2.490425025E8	39.01737737461918
2.500210585E8	20.83851283833467
2.509996145E8	59.34278214632586
2.519781705E8	36.70468840818443
2.529567265E8	65.06885625634257
2.539352825E8	36.353853311133726
2.549138385E8	19.481398739056154
2.558923945E8	29.6473824586045
2.568709505E8	39.66842372892526
2.578495065E8	31.031784256992825
2.588280625E8	39.80476648620165
2.598066185E8	76.25821818033188
2.607851745E8	88.02741192668402
2.617637305E8	59.2727376756932
2.627422865E8	54.58073688305775
2.637208425E8	48.545802871661024
2.646993985E8	34.874992638043956
2.656779545E8	41.462259246559896
2.666565105E8	47.503548026393624
2.676350665E8	31.216097204407976
2.686136225E8	44.610888455271706
2.695921785E8	91.37480143869817
2.70511608E8	54.65676494414461
2.71000886E8	17.043490431068445
2.715492905E8	25.676454204701994
2.725278465E8	6.244088079887093
2.735064025E8	2.3351298206199047
2.744849585E8	46.52175053635233
2.754635145E8	40.53724872615773
2.764420705E8	28.468553181057572
2.774206265E8	64.60952339281761
2.783991825E8	38.466122690052536
2.793777385E8	77.49188304307455
2.803562945E8	53.120175127945735
2.813348505E8	46.749023400955494
2.823134065E8	34.28183020994427
2.832919625E8	44.63127125198949
2.842705185E8	31.912706959409856
2.852490745E8	48.73904865191485
2.862276305E8	44.662409790420334
2.872061865E8	42.841853762478806
2.881847425E8	9.108219009747945
2.891632985E8	37.93848988862728
2.901418545E8	47.08312435776176
2.911204105E8	52.3774367588924
2.920989665E8	45.54996430177436
2.930775225E8	38.70261289193017
2.940560785E8	50.61500726932844
2.950346345E8	41.95304512952475
2.960131905E8	42.2279320635149
2.969917465E8	44.45796357572983
2.979703025E8	44.1795891665392
2.989488585E8	41.41810534656794
2.999274145E8	60.2672901640092
3.009059705E8	59.75186873751853
3.018845265E8	30.792229483649923
3.028630825E8	55.37382484121114
3.038416385E8	45.2078382424901
3.048201945E8	41.06203699038707
3.057987505E8	45.52090734879882
3.067773065E8	58.431013176819526
3.077558625E8	47.33156599170596
3.087344185E8	14.353815932894657
3.097129745E8	5.363208124985507
3.106915305E8	0.1692154441213425
3.116700865E8	17.010472846890664
3.126486425E8	45.039674670687965
3.136271985E8	33.46189786185566
3.146057545E8	8.771789241080349
3.155843105E8	36.59883048182244
3.16365796E8	55.06386715573361
3.16855074E8	34.49547232056949
3.175414225E8	24.63892490587238
3.185199785E8	19.905606610774722
3.194985345E8	44.24979648619475
3.204770905E8	40.34704576510801
3.214556465E8	43.54379215780191
3.224342025E8	49.61257490670818
3.234127585E8	27.732409697430317
3.243913145E8	27.418352632656855
3.253698705E8	47.804450488054776
3.263484265E8	42.85911064267747
3.273269825E8	34.794954522822714
3.283055385E8	24.36167395749602
3.292840945E8	35.95686098432786
3.302626505E8	33.13434106681875
3.312412065E8	37.68516602361268
3.322197625E8	56.625951396179524
3.331983185E8	40.33707984355945
3.341768745E8	41.06837659451001
3.351554305E8	48.11305055207153
3.361339865E8	38.86704239168151
3.371125425E8	24.309274889747343
3.380910985E8	23.715613494824154
3.390696545E8	88.0956875604932
3.400482105E8	50.50896336616674
3.40945784E8	25.442161598219013
3.41435062E8	43.80689157126164
3.420053225E8	14.561741682022998
3.429838785E8	15.047357026697355
3.439624345E8	9.476374253312498
3.449409905E8	6.478447215334472
3.459195465E8	33.52261663727983
3.468981025E8	45.58638090411127
3.478766585E8	37.86272704883646
3.488552145E8	29.237347409827763
3.498337705E8	42.962855381799066
3.508123265E8	24.297249596714984
3.517908825E8	46.43408266363789
3.527694385E8	39.033883037587266
3.537479945E8	21.604403888839457
3.547265505E8	34.158304900659
3.557051065E8	40.2046183868029
3.566836625E8	33.937023680549416
3.576622185E8	1.3601675429961007
3.586407745E8	25.94217124310048
3.596193305E8	39.499943323981014
3.605978865E8	16.35637942990258
3.615764425E8	36.52855249479955
3.625549985E8	34.26655858661238
3.635335545E8	38.59859080831792
3.645121105E8	49.901535004697294
3.65242163E8	29.749388973821823
3.65731441E8	20.556894426625124
3.664692225E8	45.94031692127504
3.674477785E8	27.14747697857057
3.684263345E8	36.73394569353949
3.694048905E8	41.62198680323938
3.703834465E8	28.70592245644999
3.713620025E8	21.64672097744226
3.723405585E8	21.5002532822589
3.733191145E8	39.504139099190404
3.742976705E8	20.207995462409002
3.752762265E8	68.05966048820706
3.762547825E8	30.023444395785585
3.772333385E8	25.160690143687493
3.782118945E8	23.800873901135244
3.791904505E8	30.66985874557501
3.801690065E8	35.18725621446135
3.811475625E8	28.92874485750943
3.821261185E8	28.85807124850862
3.831046745E8	41.32191883853553
3.840832305E8	43.81287186179653
3.849989605E8	26.26296992481203
3.854882385E8	44.907266501807115
3.860403425E8	65.11739652604878
3.870188985E8	49.84319469420113
3.879974545E8	120.3728783237329
3.889760105E8	110.39876230682651
3.899545665E8	36.87324924567175
3.909196135E8	52.3573811704928
3.91408841E8	253.59016475813334
