## htsjdk.samtools.metrics.StringHeader
# MarkDuplicates --INPUT alignment_sub_2/star/Aligned.sortedByCoord.out.bam --OUTPUT counting_sub_2/dedup_sub/star.bam --METRICS_FILE counting_sub_2/logs_sub/star_duplicates --VALIDATION_STRINGENCY SILENT --MAX_SEQUENCES_FOR_DISK_READ_ENDS_MAP 50000 --MAX_FILE_HANDLES_FOR_READ_ENDS_MAP 8000 --SORTING_COLLECTION_SIZE_RATIO 0.25 --TAG_DUPLICATE_SET_MEMBERS false --REMOVE_SEQUENCING_DUPLICATES false --TAGGING_POLICY DontTag --CLEAR_DT true --DUPLEX_UMI false --FLOW_MODE false --FLOW_DUP_STRATEGY FLOW_QUALITY_SUM_STRATEGY --USE_END_IN_UNPAIRED_READS false --USE_UNPAIRED_CLIPPED_END false --UNPAIRED_END_UNCERTAINTY 0 --UNPAIRED_START_UNCERTAINTY 0 --FLOW_SKIP_FIRST_N_FLOWS 0 --FLOW_Q_IS_KNOWN_END false --FLOW_EFFECTIVE_QUALITY_THRESHOLD 15 --ADD_PG_TAG_TO_READS true --REMOVE_DUPLICATES false --ASSUME_SORTED false --DUPLICATE_SCORING_STRATEGY SUM_OF_BASE_QUALITIES --PROGRAM_RECORD_ID MarkDuplicates --PROGRAM_GROUP_NAME MarkDuplicates --READ_NAME_REGEX <optimized capture of last three ':' separated fields as numeric values> --OPTICAL_DUPLICATE_PIXEL_DISTANCE 100 --MAX_OPTICAL_DUPLICATE_SET_SIZE 300000 --VERBOSITY INFO --QUIET false --COMPRESSION_LEVEL 5 --MAX_RECORDS_IN_RAM 500000 --CREATE_INDEX false --CREATE_MD5_FILE false --help false --version false --showHidden false --USE_JDK_DEFLATER false --USE_JDK_INFLATER false
## htsjdk.samtools.metrics.StringHeader
# Started on: Thu Dec 19 09:27:42 CST 2024

## METRICS CLASS	picard.sam.DuplicationMetrics
LIBRARY	UNPAIRED_READS_EXAMINED	READ_PAIRS_EXAMINED	SECONDARY_OR_SUPPLEMENTARY_RDS	UNMAPPED_READS	UNPAIRED_READ_DUPLICATES	READ_PAIR_DUPLICATES	READ_PAIR_OPTICAL_DUPLICATES	PERCENT_DUPLICATION	ESTIMATED_LIBRARY_SIZE
Unknown Library	48	5866757	3664337	237275466	37	2007611	218783	0.342203	6912870

## HISTOGRAM	java.lang.Double
BIN	CoverageMult	all_sets	optical_sets	non_optical_sets
1.0	1.024651	2897767	0	3019200
2.0	1.463185	672208	178841	604623
3.0	1.650869	172327	15389	137426
4.0	1.731195	52880	1955	40950
5.0	1.765574	20882	392	16855
6.0	1.780287	10114	131	8725
7.0	1.786584	6266	46	5754
8.0	1.789279	4251	36	3906
9.0	1.790432	2963	21	2852
10.0	1.790926	2355	18	2252
11.0	1.791137	1851	8	1765
12.0	1.791228	1506	5	1413
13.0	1.791266	1190	1	1170
14.0	1.791283	1002	1	988
15.0	1.79129	909	1	855
16.0	1.791293	755	0	729
17.0	1.791294	657	0	648
18.0	1.791295	580	0	575
19.0	1.791295	521	0	517
20.0	1.791295	481	0	464
21.0	1.791295	445	0	435
22.0	1.791295	382	0	358
23.0	1.791295	344	2	338
24.0	1.791295	310	0	305
25.0	1.791295	305	0	294
26.0	1.791295	275	0	269
27.0	1.791295	255	0	250
28.0	1.791295	242	0	229
29.0	1.791295	219	0	200
30.0	1.791295	188	0	187
31.0	1.791295	171	0	164
32.0	1.791295	163	0	170
33.0	1.791295	173	0	174
34.0	1.791295	153	0	149
35.0	1.791295	146	0	131
36.0	1.791295	137	0	141
37.0	1.791295	107	0	112
38.0	1.791295	129	0	114
39.0	1.791295	112	0	116
40.0	1.791295	104	0	105
41.0	1.791295	114	0	103
42.0	1.791295	91	0	92
43.0	1.791295	87	0	84
44.0	1.791295	89	0	99
45.0	1.791295	91	0	80
46.0	1.791295	91	0	74
47.0	1.791295	71	0	72
48.0	1.791295	66	0	70
49.0	1.791295	58	0	50
50.0	1.791295	52	0	48
51.0	1.791295	58	0	59
52.0	1.791295	57	0	65
53.0	1.791295	49	0	55
54.0	1.791295	58	0	40
55.0	1.791295	53	0	45
56.0	1.791295	38	0	53
57.0	1.791295	49	0	46
58.0	1.791295	47	0	41
59.0	1.791295	37	0	45
60.0	1.791295	37	0	34
61.0	1.791295	50	0	55
62.0	1.791295	46	0	50
63.0	1.791295	47	0	38
64.0	1.791295	39	0	25
65.0	1.791295	38	0	45
66.0	1.791295	34	0	40
67.0	1.791295	46	0	38
68.0	1.791295	38	0	41
69.0	1.791295	32	0	46
70.0	1.791295	45	0	40
71.0	1.791295	39	0	34
72.0	1.791295	36	0	25
73.0	1.791295	33	0	34
74.0	1.791295	28	0	26
75.0	1.791295	18	0	18
76.0	1.791295	27	0	24
77.0	1.791295	31	0	24
78.0	1.791295	18	0	26
79.0	1.791295	17	0	34
80.0	1.791295	34	0	22
81.0	1.791295	23	0	23
82.0	1.791295	27	0	20
83.0	1.791295	21	0	26
84.0	1.791295	18	0	18
85.0	1.791295	23	0	29
86.0	1.791295	17	0	15
87.0	1.791295	26	0	21
88.0	1.791295	24	0	19
89.0	1.791295	18	0	19
90.0	1.791295	14	0	21
91.0	1.791295	19	0	17
92.0	1.791295	21	0	20
93.0	1.791295	19	0	17
94.0	1.791295	23	0	23
95.0	1.791295	19	0	13
96.0	1.791295	17	0	15
97.0	1.791295	13	0	13
98.0	1.791295	16	0	10
99.0	1.791295	13	0	15
100.0	1.791295	14	0	14
101.0	0	11	0	11
102.0	0	14	0	14
103.0	0	11	0	19
104.0	0	20	0	10
105.0	0	8	0	15
106.0	0	13	0	9
107.0	0	9	0	16
108.0	0	23	0	12
109.0	0	6	0	9
110.0	0	12	0	10
111.0	0	10	0	13
112.0	0	10	0	11
113.0	0	9	0	16
114.0	0	17	0	12
115.0	0	11	0	12
116.0	0	19	0	9
117.0	0	10	0	12
118.0	0	5	0	9
119.0	0	8	0	10
120.0	0	13	0	7
121.0	0	8	0	9
122.0	0	8	0	9
123.0	0	6	0	7
124.0	0	8	0	8
125.0	0	8	0	9
126.0	0	7	0	9
127.0	0	9	0	8
128.0	0	10	0	4
129.0	0	11	0	10
130.0	0	6	0	9
131.0	0	10	0	4
132.0	0	9	0	15
133.0	0	6	0	7
134.0	0	6	0	4
135.0	0	9	0	7
136.0	0	11	0	10
137.0	0	4	0	7
138.0	0	5	0	2
139.0	0	5	0	5
140.0	0	5	0	6
141.0	0	6	0	11
142.0	0	10	0	5
143.0	0	6	0	10
144.0	0	6	0	5
145.0	0	6	0	4
146.0	0	8	0	8
147.0	0	5	0	10
148.0	0	10	0	7
149.0	0	4	0	4
150.0	0	7	0	4
151.0	0	3	0	7
152.0	0	9	0	9
153.0	0	9	0	4
154.0	0	5	0	7
155.0	0	7	0	7
156.0	0	4	0	2
157.0	0	10	0	5
158.0	0	6	0	7
159.0	0	4	0	5
160.0	0	3	0	1
161.0	0	3	0	3
162.0	0	4	0	3
163.0	0	5	0	7
164.0	0	3	0	3
165.0	0	3	0	3
166.0	0	6	0	5
167.0	0	3	0	3
168.0	0	3	0	5
169.0	0	6	0	4
170.0	0	3	0	2
171.0	0	4	0	4
172.0	0	2	0	2
173.0	0	3	0	3
174.0	0	2	0	3
175.0	0	5	0	5
176.0	0	2	0	3
177.0	0	3	0	4
178.0	0	1	0	2
179.0	0	1	0	4
180.0	0	6	0	6
181.0	0	7	0	6
182.0	0	5	0	3
183.0	0	2	0	3
184.0	0	7	0	5
185.0	0	3	0	2
186.0	0	5	0	6
187.0	0	4	0	2
188.0	0	2	0	2
189.0	0	1	0	3
190.0	0	2	0	5
191.0	0	2	0	2
192.0	0	2	0	0
193.0	0	2	0	3
194.0	0	1	0	1
195.0	0	5	0	3
196.0	0	4	0	2
197.0	0	2	0	2
198.0	0	1	0	0
199.0	0	3	0	2
200.0	0	1	0	2
201.0	0	4	0	1
202.0	0	1	0	1
203.0	0	1	0	1
204.0	0	1	0	3
205.0	0	3	0	1
206.0	0	0	0	1
207.0	0	1	0	4
208.0	0	3	0	6
209.0	0	2	0	2
210.0	0	3	0	1
211.0	0	4	0	3
212.0	0	4	0	1
213.0	0	3	0	1
214.0	0	1	0	4
215.0	0	1	0	1
216.0	0	2	0	4
217.0	0	1	0	1
218.0	0	5	0	3
219.0	0	3	0	3
220.0	0	2	0	5
221.0	0	2	0	1
222.0	0	2	0	0
223.0	0	2	0	3
224.0	0	2	0	1
225.0	0	3	0	2
226.0	0	2	0	2
227.0	0	1	0	3
228.0	0	1	0	3
229.0	0	1	0	3
230.0	0	2	0	1
231.0	0	3	0	3
232.0	0	3	0	3
233.0	0	4	0	3
234.0	0	0	0	3
235.0	0	3	0	1
236.0	0	4	0	1
237.0	0	1	0	2
238.0	0	0	0	1
239.0	0	3	0	1
240.0	0	1	0	2
241.0	0	0	0	3
242.0	0	5	0	0
243.0	0	2	0	0
244.0	0	1	0	2
245.0	0	0	0	3
246.0	0	1	0	1
247.0	0	3	0	0
248.0	0	1	0	2
249.0	0	2	0	1
250.0	0	2	0	5
251.0	0	1	0	0
252.0	0	1	0	0
253.0	0	1	0	0
254.0	0	1	0	2
255.0	0	2	0	2
256.0	0	2	0	0
257.0	0	1	0	1
258.0	0	1	0	4
259.0	0	1	0	2
260.0	0	4	0	1
261.0	0	1	0	4
262.0	0	0	0	2
263.0	0	4	0	1
264.0	0	1	0	1
265.0	0	2	0	1
266.0	0	1	0	0
267.0	0	1	0	3
268.0	0	2	0	0
269.0	0	1	0	1
270.0	0	0	0	1
271.0	0	2	0	2
272.0	0	1	0	0
273.0	0	1	0	2
274.0	0	2	0	0
276.0	0	1	0	0
277.0	0	1	0	2
278.0	0	1	0	2
279.0	0	2	0	3
280.0	0	1	0	0
281.0	0	1	0	3
282.0	0	1	0	0
283.0	0	1	0	0
284.0	0	1	0	0
285.0	0	1	0	2
286.0	0	1	0	1
287.0	0	1	0	1
288.0	0	1	0	0
289.0	0	1	0	3
290.0	0	1	0	1
291.0	0	0	0	2
292.0	0	1	0	2
293.0	0	3	0	2
294.0	0	1	0	0
295.0	0	2	0	2
296.0	0	2	0	0
297.0	0	1	0	2
298.0	0	1	0	2
299.0	0	1	0	2
300.0	0	2	0	2
301.0	0	3	0	2
302.0	0	1	0	1
303.0	0	1	0	1
304.0	0	2	0	0
305.0	0	0	0	1
306.0	0	1	0	0
307.0	0	1	0	1
308.0	0	0	0	1
309.0	0	1	0	1
310.0	0	2	0	0
311.0	0	0	0	1
312.0	0	0	0	2
313.0	0	1	0	1
314.0	0	0	0	1
315.0	0	2	0	1
316.0	0	2	0	1
317.0	0	1	0	0
318.0	0	0	0	2
319.0	0	1	0	1
320.0	0	1	0	1
321.0	0	0	0	2
322.0	0	2	0	2
323.0	0	0	0	1
324.0	0	2	0	0
325.0	0	3	0	0
326.0	0	1	0	2
328.0	0	0	0	1
329.0	0	1	0	0
330.0	0	1	0	0
331.0	0	1	0	0
333.0	0	1	0	0
335.0	0	0	0	1
336.0	0	1	0	1
337.0	0	0	0	1
338.0	0	1	0	2
339.0	0	1	0	1
340.0	0	0	0	1
341.0	0	1	0	0
342.0	0	0	0	1
343.0	0	0	0	1
345.0	0	2	0	1
346.0	0	2	0	1
347.0	0	1	0	0
348.0	0	1	0	1
349.0	0	2	0	1
350.0	0	1	0	2
351.0	0	2	0	0
352.0	0	0	0	2
354.0	0	1	0	1
355.0	0	1	0	0
358.0	0	1	0	0
359.0	0	0	0	1
361.0	0	1	0	0
363.0	0	1	0	0
365.0	0	0	0	2
366.0	0	0	0	1
369.0	0	1	0	1
372.0	0	1	0	2
373.0	0	2	0	0
374.0	0	1	0	0
375.0	0	0	0	1
376.0	0	0	0	1
377.0	0	0	0	1
378.0	0	0	0	1
381.0	0	2	0	0
382.0	0	2	0	1
384.0	0	1	0	0
389.0	0	0	0	1
390.0	0	2	0	0
391.0	0	1	0	1
393.0	0	0	0	1
394.0	0	1	0	2
395.0	0	1	0	0
396.0	0	0	0	1
399.0	0	1	0	1
400.0	0	1	0	0
402.0	0	1	0	1
407.0	0	0	0	2
410.0	0	2	0	0
411.0	0	0	0	1
412.0	0	0	0	1
413.0	0	1	0	1
414.0	0	0	0	1
415.0	0	1	0	1
417.0	0	2	0	0
418.0	0	0	0	1
420.0	0	2	0	0
422.0	0	0	0	1
424.0	0	0	0	1
425.0	0	1	0	0
429.0	0	1	0	0
431.0	0	1	0	0
440.0	0	0	0	2
442.0	0	0	0	1
443.0	0	1	0	1
444.0	0	1	0	0
445.0	0	1	0	1
447.0	0	1	0	1
448.0	0	1	0	0
450.0	0	1	0	0
452.0	0	0	0	1
454.0	0	0	0	3
455.0	0	0	0	1
456.0	0	1	0	0
457.0	0	0	0	2
458.0	0	2	0	0
460.0	0	1	0	0
463.0	0	2	0	0
465.0	0	1	0	0
467.0	0	0	0	1
472.0	0	1	0	1
477.0	0	1	0	0
482.0	0	0	0	1
483.0	0	0	0	1
484.0	0	0	0	1
486.0	0	1	0	0
489.0	0	0	0	1
490.0	0	1	0	0
492.0	0	1	0	0
493.0	0	0	0	1
496.0	0	1	0	0
497.0	0	1	0	0
498.0	0	0	0	1
501.0	0	0	0	1
503.0	0	1	0	0
507.0	0	1	0	0
513.0	0	0	0	1
519.0	0	1	0	0
526.0	0	0	0	1
529.0	0	0	0	1
534.0	0	1	0	0
535.0	0	1	0	0
557.0	0	0	0	1
561.0	0	1	0	0
565.0	0	0	0	1
571.0	0	0	0	1
572.0	0	1	0	0
577.0	0	0	0	1
582.0	0	1	0	0
585.0	0	1	0	0
597.0	0	0	0	1
601.0	0	1	0	0
614.0	0	0	0	1
621.0	0	0	0	1
628.0	0	1	0	0
636.0	0	1	0	0
639.0	0	0	0	1
647.0	0	0	0	1
650.0	0	2	0	0
654.0	0	0	0	1
658.0	0	1	0	0
669.0	0	0	0	1
676.0	0	0	0	1
677.0	0	1	0	0
683.0	0	1	0	0
740.0	0	0	0	1
744.0	0	1	0	0
866.0	0	0	0	1
873.0	0	1	0	0
880.0	0	0	0	1
886.0	0	0	0	1
889.0	0	1	0	0
894.0	0	1	0	0
918.0	0	0	0	1
928.0	0	1	0	0
970.0	0	0	0	1
977.0	0	1	0	0
1009.0	0	0	0	1
1018.0	0	1	0	0
1035.0	0	0	0	1
1044.0	0	0	0	1
1047.0	0	1	0	0
1053.0	0	1	0	0
1168.0	0	0	0	1
1171.0	0	0	0	1
1172.0	0	1	0	0
1179.0	0	1	0	0
1504.0	0	0	0	1
1514.0	0	1	0	0
1792.0	0	0	0	1
1799.0	0	1	0	0
2238.0	0	0	0	1
2247.0	0	1	0	0
2753.0	0	0	0	1
2775.0	0	1	0	0
4217.0	0	0	0	1
4225.0	0	1	0	0

