#Position (bp)	insert size
489278.5	79251.85369334399
1467834.5	44317.938270128005
2446390.5	2726.5434054018533
3424946.5	10857.332232769295
4403502.5	4783.440204746394
5382058.5	8613.931758530183
6360614.5	1568.8770410958905
7339170.5	3150.5974165769644
8317726.5	7605.604022627278
9296282.5	8186.244209014186
1.02748385E7	2767.07055531006
1.12533945E7	1311.3252791878172
1.22319505E7	1633.1726091628407
1.32105065E7	2487.178674351585
1.41890625E7	2870.0598401784055
1.51676185E7	2359.6461095486807
1.61461745E7	3845.8940289382513
1.71247305E7	1181.6081235436561
1.81032865E7	1943.4262333139873
1.90818425E7	3079.12722323049
2.00603985E7	1572.6873093349604
2.10389545E7	992.0101862206448
2.20175105E7	2773.790175981435
2.29960665E7	1974.1259443339961
2.39746225E7	1128.1343188934247
2.49531785E7	1577.623228263169
2.59317345E7	1592.7405482655581
2.69102905E7	6055.034417727487
2.78888465E7	2651.217557861133
2.88674025E7	2155.832368768403
2.98459585E7	2042.7926746857684
3.08245145E7	2273.4011384758364
3.18030705E7	2936.8948933746756
3.27816265E7	1541.2171709531015
3.37601825E7	1988.1684780845474
3.47387385E7	6448.9407552523135
3.57172945E7	8937.156561529662
3.66958505E7	3343.735585426247
3.76744065E7	3231.0664272890485
3.86529625E7	2439.589313407585
3.96315185E7	3009.906762183871
4.06100745E7	4670.358303206724
4.15886305E7	2297.7093306028414
4.25671865E7	3295.65946481665
4.35457425E7	2500.009703028521
4.45242985E7	3875.858607432721
4.55028545E7	1616.2206762659764
4.64814105E7	2655.741362991008
4.74599665E7	1409.1011326049916
4.84385225E7	2325.291502429187
4.94170785E7	1112.80641783029
5.03956345E7	1317.2803169499311
5.13741905E7	1197.9082900384008
5.23527465E7	2711.5296772294714
5.33313025E7	2191.523726448011
5.43098585E7	1834.9617322719637
5.52884145E7	2528.0968718466197
5.62669705E7	2493.682062048052
5.72455265E7	3026.730286019781
5.82240825E7	2318.5571879086224
5.92026385E7	3499.548056722689
6.01811945E7	1623.7721451794837
6.11597505E7	2029.3058736608791
6.21383065E7	1443.3749285142399
6.31168625E7	4609.306437602548
6.40954185E7	4379.007133346015
6.50739745E7	18511.45303833543
6.60525305E7	3743.2838534599728
6.70310865E7	5259.56087801532
6.80096425E7	3336.107344632768
6.89881985E7	1314.7317559346604
6.99667545E7	2879.693430121719
7.09453105E7	616.3808756435478
7.19238665E7	3002.524297924298
7.29024225E7	2158.9337762092587
7.38809785E7	1585.9229948805462
7.48595345E7	4102.85233661279
7.58380905E7	3492.461882379915
7.68166465E7	4310.812021273037
7.77952025E7	4363.834647969617
7.87737585E7	3847.081723065322
7.97523145E7	3101.270045205805
8.07308705E7	4429.294674336612
8.17094265E7	7579.16048278945
8.26879825E7	3113.6295857988166
8.36665385E7	3256.3575092326632
8.46450945E7	4437.042159439334
8.56236505E7	2058.528802176808
8.66022065E7	5050.22493355883
8.75377665E7	3224.9173789173788
8.80270445E7	4706.4
8.85593185E7	5338.653346855984
8.95378745E7	24935.31889449907
9.05164305E7	1990.99465663962
9.14949865E7	3277.9569650742674
9.24735425E7	1347.5263032232392
9.34520985E7	3301.504148689014
9.44306545E7	1349.7381365284566
9.54092105E7	7552.521860986547
9.63877665E7	4902.630761824527
9.73663225E7	2364.235986481762
9.83448785E7	4004.3957931477908
9.93234345E7	4545.702622829701
1.003019905E8	4491.256224728666
1.012805465E8	1878.402382475216
1.022591025E8	1479.9447842970371
1.032376585E8	3696.945914844649
1.042162145E8	3662.739362346951
1.051947705E8	4948.116514564321
1.061733265E8	1072.7006016847172
1.071518825E8	2069.906699329002
1.081304385E8	1452.3481115722016
1.091089945E8	1735.9103398409254
1.100875505E8	841.8886737657309
1.110661065E8	2156.7620712844655
1.120446625E8	1623.080204778157
1.130232185E8	3861.6004630820685
1.140017745E8	1322.2439824512865
1.149803305E8	1563.3298969072166
1.159588865E8	3312.8867421007685
1.169374425E8	1127.3031205040434
1.179159985E8	12708.799595258746
1.188945545E8	3050.697233201581
1.198731105E8	8594.260444813968
1.208516665E8	2203.4300890327804
1.218302225E8	2466.422409406976
1.228087785E8	2641.302716344557
1.237873345E8	3445.4733845715914
1.247658905E8	10010.172425139848
1.257444465E8	2594.802021710413
1.267230025E8	3542.665390662383
1.277015585E8	1875.0934555960307
1.286801145E8	1128.0492796261844
1.296586705E8	1093.2209292763157
1.306372265E8	1515.414119917142
1.316157825E8	1499.1668199374656
1.325943385E8	2070.157405357538
1.335728945E8	1745.5939361702128
1.345514505E8	1438.9641986398049
1.355300065E8	4573.653326612904
1.365085625E8	2260.438840653728
1.374871185E8	3007.3437407077013
1.384656745E8	2487.6685873605948
1.394442305E8	2155.8787073455937
1.404227865E8	1680.3387145595802
1.414013425E8	1951.9103595309623
1.423798985E8	3367.5501179245284
1.433584545E8	2872.517402269861
1.443370105E8	2092.9533561333387
1.453155665E8	1588.5456107198077
1.462941225E8	2431.97206943967
1.472726785E8	2513.3585444166965
1.482512345E8	2569.8340180772393
1.492297905E8	2806.200230315244
1.502083465E8	1540.5737815579857
1.511869025E8	3245.4991439688715
1.521654585E8	2339.711699448717
1.531440145E8	3009.78
1.541225705E8	2856.4938036224976
1.551011265E8	6072.75232853514
1.560796825E8	3301.241494415201
1.570582385E8	2981.6043641172582
1.580367945E8	3107.894552358697
1.590153505E8	2219.0168709081754
1.599939065E8	2032.7162832083386
1.609724625E8	4940.573348837209
1.619510185E8	6121.8876932403755
1.629295745E8	2574.1611570247933
1.639081305E8	2232.351553640281
1.648866865E8	1913.9672171179145
1.658652425E8	1863.5155250789737
1.668437985E8	6960.418123882801
1.678223545E8	2656.7236903831117
1.688009105E8	6546.067116682739
1.697794665E8	8356.854198767334
1.707580225E8	90282.74917763157
1.717365785E8	56287.17915697848
1.727151345E8	6355.125541460396
1.736936905E8	3451.8296055307037
1.744297225E8	12333.468298590087
1.749190005E8	98657.46086377262
1.756508025E8	46661.92980515613
1.766293585E8	39793.444456734134
1.776079145E8	14135.214962522981
1.785864705E8	8606.238594525372
1.795650265E8	2941.6394596651444
1.805435825E8	14982.722410358565
1.815221385E8	2927.384215091067
1.825006945E8	5648.0739199365835
1.834792505E8	3501.2103092783505
1.844578065E8	1341.6899104873467
1.854363625E8	46325.48339209501
1.864149185E8	2316.54015918958
1.873934745E8	2571.2809855649575
1.883720305E8	8057.480672560236
1.893505865E8	4249.394956389837
1.903291425E8	2062.007245773299
1.913076985E8	2224.239336492891
1.922862545E8	1261.5272530055138
1.932648105E8	2290.2255282449332
1.942433665E8	1774.8246178600161
1.952219225E8	1741.814499484004
1.962004785E8	2756.9446536474297
1.971790345E8	1404.6641907740423
1.981575905E8	1328.1509527100404
1.991361465E8	2585.377890841813
2.001147025E8	4376.381874860833
2.010932585E8	3159.8988483530643
2.020718145E8	8399.743290007902
2.030503705E8	2413.568071049496
2.040289265E8	1097.4144461794187
2.050074825E8	12181.081881954524
2.059860385E8	6296.134557172151
2.069645945E8	1833.1573294181285
2.079431505E8	1087.9962842859072
2.089217065E8	2409.9956714761374
2.099002625E8	4551.263658482637
2.108788185E8	4020.991910229645
2.118573745E8	2307.192030758476
2.128359305E8	4396.5657378335945
2.138144865E8	2681.4265505984768
2.147930425E8	2599.9396545333234
2.157715985E8	1319.2353976881268
2.167501545E8	2805.935608646189
2.177287105E8	3211.1972230987694
2.187072665E8	1929.3148617161382
2.196858225E8	1769.046957403651
2.206643785E8	14426.699272812573
2.216429345E8	3185.3842050674175
2.226214905E8	2455.789026046896
2.236000465E8	1823.3479779411764
2.242797555E8	5266.026920551543
2.247690335E8	19936.338860345633
2.255571585E8	2264.449415858812
2.265357145E8	1309.8949355143127
2.275142705E8	110945.35306298533
2.284928265E8	3548.4533483822424
2.294713825E8	1505.6418050583886
2.304499385E8	4731.580147316731
2.314284945E8	3818.279839633448
2.324070505E8	1616.5771495877502
2.333856065E8	2779.882777619455
2.343641625E8	5260.721354166667
2.353427185E8	1747.1549903234725
2.363212745E8	3023.4556077581015
2.372998305E8	1070.6692820512822
2.382783865E8	2099.7702190395958
2.392569425E8	2175.3261585211444
2.402354985E8	1803.4838216560508
2.412140545E8	2394.0528603892894
2.421926105E8	2086.1431342385126
2.431711665E8	30933.063757758133
2.441497225E8	2353.954490044697
2.451282785E8	1940.3365622888039
2.461068345E8	1296.6892243047494
2.470853905E8	1292.1695991001848
2.480639465E8	2340.042321338064
2.490425025E8	2404.515261044177
2.500210585E8	3243.2394874781594
2.509996145E8	1488.631358752496
2.519781705E8	2487.5754881958615
2.529567265E8	2887.2825130602146
2.539352825E8	2566.8429728442115
2.549138385E8	6572.468242665907
2.558923945E8	2127.847335203366
2.568709505E8	2988.8069666182873
2.578495065E8	2343.1104157353598
2.588280625E8	2651.765219728531
2.598066185E8	1394.0489062602642
2.607851745E8	1136.0380445607946
2.617637305E8	2685.844602413622
2.627422865E8	1683.268653730746
2.637208425E8	2000.038596491228
2.646993985E8	3064.397301819703
2.656779545E8	2098.590735556121
2.666565105E8	3901.0441898527006
2.676350665E8	10895.414613602863
2.686136225E8	2600.7988789020974
2.695921785E8	1459.6588796680498
2.70511608E8	2983.3337495197848
2.71000886E8	19520.096153846152
2.715492905E8	21887.511566651396
2.725278465E8	62236.073306182894
2.735064025E8	7958.390682605295
2.744849585E8	1776.4390706105298
2.754635145E8	5881.130588443188
2.764420705E8	11621.399152308117
2.774206265E8	1384.5781174963984
2.783991825E8	2768.1148669317836
2.793777385E8	1451.043795620438
2.803562945E8	1497.6013879087272
2.813348505E8	1767.3410752688171
2.823134065E8	3240.8418129702613
2.832919625E8	1099.776170761869
2.842705185E8	2644.837147641641
2.852490745E8	3636.1043346007605
2.862276305E8	2532.521489971347
2.872061865E8	2895.3860039241335
2.881847425E8	7069.202927599611
2.891632985E8	3424.957058823529
2.901418545E8	1962.6954678510144
2.911204105E8	1344.1442744706794
2.920989665E8	2570.410411963883
2.930775225E8	2527.88461223487
2.940560785E8	1241.892295059532
2.950346345E8	4930.2455035971225
2.960131905E8	5248.009943540912
2.969917465E8	1838.5854812601171
2.979703025E8	2110.8081643911187
2.989488585E8	3003.5687967760505
2.999274145E8	1584.826161421537
3.009059705E8	1326.1211012094207
3.018845265E8	2484.1969559702843
3.028630825E8	3549.8764545948884
3.038416385E8	2192.5776998597476
3.048201945E8	1833.1528087252257
3.057987505E8	2254.914733276884
3.067773065E8	5626.607234809475
3.077558625E8	2845.997935389847
3.087344185E8	6070.900395664889
3.097129745E8	10714.858347834494
3.106915305E8	3206.2745770379083
3.116700865E8	6940.6085748792275
3.126486425E8	2192.3500969091097
3.136271985E8	3518.117671402952
3.146057545E8	8420.954500882526
3.155843105E8	6374.786357615894
3.16365796E8	3111.011718217741
3.16855074E8	35172.30416415208
3.175414225E8	14586.614605115008
3.185199785E8	4543.740167497084
3.194985345E8	2787.79815270936
3.204770905E8	1902.8950980392158
3.214556465E8	5959.005313025768
3.224342025E8	1797.1072702564973
3.234127585E8	4109.458206122617
3.243913145E8	3064.364191134139
3.253698705E8	4957.057410145587
3.263484265E8	4374.160233538761
3.273269825E8	2765.3215298835958
3.283055385E8	2997.7481660553517
3.292840945E8	3867.5503631196716
3.302626505E8	2253.941203847347
3.312412065E8	2514.9595925864082
3.322197625E8	1158.8866572576267
3.331983185E8	2349.0819635717457
3.341768745E8	2872.96193621274
3.351554305E8	1971.5426376224248
3.361339865E8	2579.5810401413783
3.371125425E8	3961.4248063952036
3.380910985E8	6327.455019284896
3.390696545E8	1157.3079634320961
3.400482105E8	8453.169784262376
3.40945784E8	2083.536345067884
3.41435062E8	1938.538645038168
3.420053225E8	88808.90138829255
3.429838785E8	80503.22054380664
3.439624345E8	57081.69673539519
3.449409905E8	25491.486087689715
3.459195465E8	3263.8942397026944
3.468981025E8	2344.8774366756156
3.478766585E8	2179.1967888019763
3.488552145E8	14519.183753846153
3.498337705E8	2421.4168976855135
3.508123265E8	4819.42181136993
3.517908825E8	1814.9319776858017
3.527694385E8	2272.8108939160993
3.537479945E8	5232.458554895215
3.547265505E8	3307.1352733471326
3.557051065E8	1940.897862232779
3.566836625E8	2445.0279646761983
3.576622185E8	27586.95643939394
3.586407745E8	9747.29288246523
3.596193305E8	2284.8174674048937
3.605978865E8	15367.366971187632
3.615764425E8	3742.2022155793916
3.625549985E8	8370.611307420495
3.635335545E8	2339.079338842975
3.645121105E8	2878.9992428544388
3.65242163E8	2566.0535586765054
3.65731441E8	32311.139931740614
3.664692225E8	2745.7361842105265
3.674477785E8	3078.3839076312465
3.684263345E8	4251.106451911506
3.694048905E8	1891.9624476110646
3.703834465E8	3071.2201434362332
3.713620025E8	16372.884957941613
3.723405585E8	5417.020713664056
3.733191145E8	1727.9097668131126
3.742976705E8	5305.062511911568
3.752762265E8	3103.729504172803
3.762547825E8	3179.603930712858
3.772333385E8	3456.397560799596
3.782118945E8	4579.13701561138
3.791904505E8	5786.571789119462
3.801690065E8	3805.421544969762
3.811475625E8	7657.560636896923
3.821261185E8	8280.93791517629
3.831046745E8	3689.3991935483873
3.840832305E8	4001.3792428198435
3.849989605E8	40831.60712200817
3.854882385E8	854.5
3.860403425E8	5625.930422919509
3.870188985E8	5814.799539170507
3.879974545E8	3190.700643086817
3.889760105E8	1067.916004540295
3.899545665E8	2526.2304785894207
3.909196135E8	3707.107692307692
3.91408841E8	274.29291160592345
