# Position (bp)	A	C	G	T	N
0.0	32.291483893922624	20.589033025730153	21.513494101301223	25.550102777628446	0.05588620141754984
1.0	27.523509642282505	20.767242565186876	20.919549272351464	30.789698520179154	0.0
2.0	29.52593988084571	18.82052111426311	19.914021828926607	31.739396972624235	1.2020334034155233E-4
3.0	30.30530962054681	18.722658359420805	19.58855428340182	31.383117583296915	3.601533336447386E-4
4.0	30.323735529525543	19.069758366607843	19.737181596694725	30.86925910451334	6.540265855266751E-5
5.0	30.022751421501066	19.13560713976934	20.214225311593424	30.62741612713617	0.0
6.0	30.351072761001234	19.15358253072871	19.957699141343042	30.53747152513044	1.740417965725514E-4
7.0	30.74180469550734	19.043518792929735	19.59815547845959	30.6076855353991	0.008835497704237746
8.0	30.683872265142355	18.868909362230212	19.967548666955572	30.479224512385766	4.451932860943443E-4
9.0	30.74979140539213	18.8763985930702	19.958138922652395	30.415551711441573	1.1936744370170163E-4
10.0	30.889677637990104	18.817503311827398	19.552456049037207	30.739725227774272	6.377733710160108E-4
11.0	30.716778797158977	18.95538246341086	19.651307483548127	30.60109006367362	0.07544119220841294
12.0	30.614480127498954	19.001978357639405	19.67463290522877	30.481945705889057	0.22696290374381412
13.0	30.57766456583879	19.26902580242036	19.59064866795303	30.56215401246043	5.069513273873336E-4
14.0	30.504109398249472	19.349470954255086	19.77285631448946	30.37355255298408	1.0780021902848501E-5
15.0	30.514005496770853	19.249514418869627	19.842726550032392	30.263934850628253	0.12981868369887797
16.0	30.492064960280384	19.367934064133077	19.535495897852428	30.603686704919852	8.183728142581219E-4
17.0	30.535768811740255	19.325706647305868	19.852153698868843	30.286306286959153	6.455512588141955E-5
18.0	30.65884042845632	19.298710148412734	19.791110550902527	30.251317362513124	2.1509715293106437E-5
19.0	30.70244204925123	19.216885201947413	19.483812664632506	30.52328275303926	0.07357733112959695
20.0	30.85831714948119	19.095799198220924	19.574227218597372	30.470807432990473	8.490007100440116E-4
21.0	30.855856170413826	18.9087943140958	19.829275045280596	30.406074470209777	0.0
22.0	30.82811094289345	19.12837763894362	19.38777077306414	30.655686947186705	5.369791208556354E-5
23.0	30.826406149366072	19.271662527372964	19.503271872524998	30.398659450735966	0.0
24.0	30.612831690768328	19.174929577525255	19.837350539392258	30.374770132842666	1.1805947149282338E-4
25.0	30.624043601164708	19.374003633859573	19.468798571005216	30.53237094208464	7.83251885866681E-4
26.0	30.568995012059847	19.33619197160769	19.679865692554408	30.333847576451877	0.0810997473261807
27.0	30.644517391785953	19.254241453746417	19.91187199575198	30.188554211118397	8.149475972610469E-4
28.0	30.632273039571086	19.421504746735195	19.548538887616164	30.319726172281236	0.0779571537963215
29.0	30.728051793473	19.22160392019892	19.628591524947993	30.310293351521224	0.11145940985886345
30.0	30.852896453180946	19.30013774470686	19.673149896584324	30.17314089646347	6.750090644074363E-4
31.0	30.932448578101024	19.1777637764372	19.467771482411333	30.42199473971396	2.1423336483277908E-5
32.0	30.953273117802382	19.238134994149114	19.469332561996534	30.335928813124063	0.003330512927905318
33.0	30.95173269725102	19.066709307221956	19.59691827413673	30.3824234688934	0.002216252496897514
34.0	30.815835570895437	19.286777412834088	19.366168275017568	30.531218741252903	0.0
35.0	30.72195933469617	19.243245626435368	19.56291267274589	30.47188236612257	0.0
36.0	30.589415063478466	19.318007718584088	19.838721135551108	30.253524417789546	3.3166459679427975E-4
37.0	30.660143189461774	19.516059796377917	19.51877678277362	30.305020231386692	0.0
38.0	30.660880771523985	19.37872747738715	19.733036017464634	30.227355733624233	0.0
39.0	30.62390218777063	19.455186806247095	19.814420747032518	30.106426102394078	6.415655568259742E-5
40.0	30.78481059752009	19.41977446411949	19.502489413138665	30.2929148343921	1.0690829652213413E-5
41.0	30.862006306450752	19.331430709208487	19.544396344396343	30.26108706108706	0.001079578857356635
42.0	30.817887519679978	19.312450225643747	19.649184566198453	30.220477688477825	0.0
43.0	30.87378348222157	19.284500870547912	19.37481474009545	30.466890221632287	1.068550278603114E-5
44.0	30.85636421018938	19.386685179831336	19.482530978674177	30.27441963130511	0.0
45.0	30.74705669200897	19.31287346852267	19.498571504266256	30.4414983352021	0.0
46.0	30.57499500372624	19.551340491436797	19.417148749671142	30.455543738251013	9.720169148033582E-4
47.0	30.640362951874145	19.422887465950296	19.547626005256554	30.389123576919	0.0
48.0	30.670009535849037	19.500389433010525	19.702063722625017	30.12725963791968	2.776705957411952E-4
49.0	30.615324204137472	19.508676986376475	19.51268167538674	30.362719100540442	5.980335588667392E-4
50.0	30.707069865716	19.46026053758663	19.6746681343517	30.081093228861157	0.07690823348451215
51.0	30.669166834406425	19.4639019595385	19.73614758820486	30.130772939457252	1.0678392965928986E-5
52.0	30.868121124001625	19.46047512121071	19.28087482716982	30.39050757078402	2.1356833823757426E-5
53.0	30.87221317999732	19.293056290288238	19.501818850479662	30.332911679234776	0.0
54.0	30.899568045281832	19.24586735270842	19.580914971735698	30.27361759486938	3.2035404674969316E-5
55.0	30.81901453767196	19.376927626019036	19.273547818580344	30.529570298375848	9.397193528152816E-4
56.0	30.637385980844527	19.400951451781975	19.547295790699405	30.414366776674097	0.0
57.0	30.529675293816112	19.51305285753189	19.72869065608697	30.22846371951708	1.174730479450226E-4
58.0	30.50783234103887	19.422321862247003	19.657832490555865	30.411169603109272	8.437030489933022E-4
59.0	30.600718790552122	19.345761752439135	19.666344474764898	30.262182325015086	0.12499265722875803
60.0	30.55047668730044	19.498709828608757	19.72904798617266	30.180739350772168	0.04102614714597511
61.0	30.59820269578541	19.55403662802075	19.528634922154133	30.319115072077608	1.0681962096980253E-5
62.0	30.603485020930766	19.46687174749505	19.67214130493538	30.25641228339869	0.0010896432401204079
63.0	30.586661757813253	19.46630321778119	19.673622501978908	30.273327051966785	8.547045985992033E-5
64.0	30.681088328350413	19.489555322125483	19.39045261036543	30.438796889873753	1.0684928491650317E-4
65.0	30.69148794633597	19.40863732914345	19.434850819804748	30.463901843354463	0.0011220613613681968
66.0	30.642581205067543	19.400196977364704	19.595966613245153	30.360849065426304	4.0613889629617357E-4
67.0	30.41903641027203	19.577847580656798	19.56074427186137	30.442232772825832	1.3896438396286874E-4
68.0	30.567601459200517	19.439823695083927	19.69676931483627	30.29452256685606	0.0012829640232297744
69.0	30.374885715355042	19.493575999957226	19.835312484962547	30.29564836151909	5.774382060919731E-4
70.0	30.442464227645928	19.549054323838174	19.57757894324788	30.43075276973306	1.497355349590762E-4
71.0	30.55770163527352	19.54987454794147	19.68255825919998	30.169577977435104	0.04028758014992628
72.0	30.594625376094097	19.405251573097583	19.664407275491396	30.334517367444587	0.0011984078723413134
73.0	30.62511880074183	19.521862333272257	19.400482223984135	30.45229047830249	2.461636992881374E-4
74.0	30.540630845006085	19.485314545166656	19.59934151060089	30.372711123586882	0.0020019756394893656
75.0	30.684446706143596	19.39495906667215	19.567263703840776	30.35331981454067	1.0708802807248403E-5
76.0	30.61121785632683	19.448539111650568	19.569177809035434	30.371065222987166	0.0
77.0	30.380249241880353	19.52274358946883	19.655626158610417	30.326018237733464	0.11536277230693398
78.0	30.63185552785689	19.454241883989738	19.714399277604983	30.199428275453403	7.503509498585481E-5
79.0	30.38733502172831	19.666859754770243	19.5159850999751	30.428758532138662	0.0010615913876843817
80.0	30.459099487825092	19.52250357908847	19.674720768882388	30.343590347606565	8.581659748776202E-5
81.0	30.64791485601707	19.569352364152586	19.62095822500735	30.160937529007505	8.370258154858146E-4
82.0	30.455726577795033	19.57820900021772	19.475156923867072	30.49058542683249	3.220712876882453E-4
83.0	30.573748164926144	19.436176378469668	19.519224613898743	30.470818620161943	3.222254349291512E-5
84.0	30.50443086611953	19.49859422104113	19.70234431896691	30.29387835194971	7.522419227217575E-4
85.0	30.515723743807406	19.56386939306537	19.406607762548486	30.512777641881954	0.001021458696779986
86.0	30.64868524343999	19.45199390105032	19.449498035097253	30.449069757409358	7.53063003079705E-4
87.0	30.491834653894212	19.452610938739237	19.602406546744067	30.451188763133487	0.0019590974889967614
88.0	30.44900326989042	19.609067200723278	19.40019014672878	30.54172861191272	1.0770744804542755E-5
89.0	30.39136466926184	19.528133343190426	19.641288747373984	30.438081686131913	0.0011315540418356004
90.0	30.417640060939945	19.60849924170142	19.67289854672379	30.2979966769441	0.0029654736907487574
91.0	30.512809584056065	19.460003938505363	19.48381840792665	30.54335727908627	1.0790425655316038E-5
92.0	30.584208061064043	19.441295758138278	19.725260593532827	30.248868470477007	3.6711678784040095E-4
93.0	30.54108862578046	19.56274911332728	19.69912123666533	30.196241441220277	7.995830066568527E-4
94.0	30.52434902419861	19.57173780040109	19.360446268476924	30.462280785035627	0.0811861218877482
95.0	30.622535843190864	19.56507365159294	19.353023465552585	30.457419143083502	0.0019478965801104395
96.0	30.612066088027117	19.52567325818427	19.536276090385947	30.325789618581794	1.9494482086845316E-4
97.0	30.520309706067987	19.579154747786912	19.33778015803104	30.4865786124706	0.07617677564346234
98.0	30.52360390986168	19.523890525435124	19.54762689465153	30.404759337299662	1.1933275200202387E-4
99.0	30.349175947370078	19.46935766348859	19.61631796846244	30.377330219316672	0.1878182013622194
100.0	30.37582293691553	19.64787390779064	19.445094992233454	30.530273547768132	9.346152922406173E-4
101.0	30.475600578795635	19.524932442296116	19.568596659894038	30.43064188140346	2.2843761075144877E-4
102.0	30.558439771047492	19.480747571234073	19.629199981533276	30.32987053259943	0.0017421435857321926
103.0	30.59520842218059	19.620787822557098	19.47320828071523	30.310664689929833	1.3078461724410438E-4
104.0	30.69310376352145	19.3686001054726	19.5106193711311	30.42760039370036	7.636617449758148E-5
105.0	30.44827433318095	19.50655794671214	19.61376575819413	30.42824590023219	0.00315606168058428
106.0	30.53123413766108	19.566934027647576	19.4238716509864	30.476932530991657	0.0010276527132928738
107.0	30.617877891403307	19.444685524304187	19.463039210675475	30.47427698569211	1.2038792491602121E-4
108.0	30.491273227778905	19.613832372481056	19.570512672327006	30.321774218906032	0.002607508506996504
109.0	30.503446930951483	19.65584214598351	19.295124721054915	30.544796501979842	7.897000302498983E-4
110.0	30.480363642711968	19.535321024008358	19.423348863550647	30.56049433765415	4.7213207488541736E-4
111.0	30.418612043657344	19.51386102058607	19.608366854985864	30.456588044803105	0.0025720359676147694
112.0	30.36501676972631	19.660197513166388	19.40465463474611	30.570054058586265	7.702377492860722E-5
113.0	30.453477902739053	19.55359371423574	19.557614181830438	30.394668926059303	0.04064527513546773
114.0	30.451488285560625	19.565312083815922	19.519978103831022	30.45653887248183	0.006682654310593231
115.0	30.58765067686527	19.597489917706582	19.318755036454576	30.49554131281071	5.630561628649888E-4
116.0	30.46069058822359	19.478460982395404	19.517622832585577	30.54300453074863	2.2106604679747143E-4
117.0	30.5382499337932	19.487684982018198	19.512408089303314	30.424804735592787	0.03685225929249638
118.0	30.520666888491554	19.629851602252685	19.330077759484425	30.514639279159972	0.004764470611360249
119.0	30.44898087773672	19.596672986434964	19.4473147973431	30.506842754913126	1.8858357208568216E-4
120.0	30.494858458349455	19.523651957966635	19.622585218169107	30.35339511469405	0.005509250820750638
121.0	30.495038736016227	19.603968566335336	19.372690177152172	30.524966132885428	0.003336387610836187
122.0	30.43717222716668	19.586661748067588	19.571407113136054	30.400850607351597	0.003908304278078856
123.0	30.41692534395159	19.530369159245303	19.60201830721585	30.42011421048125	0.030572979106011304
124.0	30.39356253951187	19.680918840813096	19.397700865489387	30.497922461415584	0.029895292770062986
125.0	30.528064319540192	19.51987341842925	19.533269595263256	30.349396445204828	0.06939622156247728
126.0	30.5570539445805	19.582056405397516	19.566703594786137	30.261084006973825	0.03310204826202488
127.0	30.479695437733135	19.612138804934872	19.271746606562147	30.604989189573462	0.03142996119638825
128.0	30.48693309207358	19.534000862058996	19.399628342317136	30.549987576604853	0.029450126945429016
129.0	30.430752917083197	19.646021897629684	19.53169723943444	30.389987727721813	0.0015402181308632281
130.0	30.40422554300718	19.60892271212481	19.255146843945973	30.7300275978273	0.0016773030947480373
131.0	30.45205200095641	19.612525890058297	19.488161170904203	30.445874348119528	0.001386589961562148
132.0	30.41040311705946	19.662293714623463	19.62531008374788	30.29598536193536	0.006007722633835291
133.0	30.354679308133953	19.669177283547526	19.427828663293337	30.547534230645844	7.805143793372278E-4
134.0	30.46859380149946	19.61118715054039	19.40806817888161	30.511980857105165	1.7001197337657834E-4
135.0	30.431219473177297	19.67472292447146	19.45202176770023	30.393203143879987	0.04883269077101911
136.0	30.172893730225482	19.719706482073104	19.37930928158227	30.723134207765973	0.004956298353172801
137.0	29.979732756037958	19.834133836341657	19.267302403033572	30.912166883452723	0.006664121134087892
138.0	29.350711212144372	20.205297373707932	18.85482077359169	31.589075847817366	9.479273863923839E-5
139.0	31.65149761537328	21.008934317059694	14.82609544577031	32.512465024389385	0.0010075974073289933
140.0	36.54908116094411	24.948764929273754	0.0	38.50215390978213	0.0
